4 9 4 2 4 2 4 2 4 2 4 2 4 2 4 2 4 2 4 2 4 2 4 2 4 9 4 2 4 9 4 2 4 2 4 2 4 2 4 2 4 2 4 2 4 2 4 2 4 9 4 13 4 13 4 13 4 13 4 13 4 13 4 28 4 11 4 14 4 27 4 27 4 10 4 4 4 2 4 4 4 2 4 2 4 
4 2 4 10 4 2 4 2 4 2 4 2 4 2 4 2 4 25 4 2 4 2 4 2 4 2 4 2 4 2 4 2 4 2 4 9 4 10 4 3 4 9 4 2 4 2 4 2 4 10 4 2 4 2 4 2 4 2 4 2 4 10 4 14 4 13 4 14 4 13 4 13 4 11 4 4 4 2 4 13 4 27 4 4 4 
4 2 4 10 4 2 4 2 4 9 4 2 4 2 4 10 4 2 4 2 4 2 4 10 4 2 4 2 4 2 4 2 4 2 4 2 4 2 4 2 4 2 4 10 4 2 4 2 4 2 4 2 4 10 4 9 4 2 4 2 4 14 4 11 4 11 4 13 4 14 4 26 4 14 4 13 4 4 4 11 4 11 4 11 4 
4 2 4 2 4 9 4 2 4 2 4 2 4 2 4 9 4 9 4 10 4 10 4 9 4 2 4 2 4 2 4 2 4 2 4 2 4 2 4 2 4 10 4 2 4 2 4 2 4 11 4 12 4 14 4 11 4 13 4 13 4 14 4 4 4 14 4 26 4 4 4 11 4 4 4 2 4 2 4 2 4 2 4 2 4 
4 2 4 2 4 2 4 9 4 2 4 2 4 10 4 9 4 10 4 2 4 2 4 2 4 2 4 2 4 2 4 2 4 9 4 9 4 2 4 2 4 10 4 2 4 25 4 2 4 2 4 2 4 2 4 2 4 2 4 11 4 11 4 11 4 13 4 13 4 11 4 4 4 14 4 4 4 4 4 4 4 13 4 4 4 
4 2 4 2 4 10 4 2 4 2 4 2 4 2 4 2 4 10 4 2 4 2 4 10 4 2 4 2 4 2 4 10 4 10 4 2 4 2 4 2 4 11 4 11 4 13 4 11 4 13 4 11 4 13 4 4 4 4 4 13 4 2 4 4 4 4 4 4 4 4 4 13 4 2 4 2 4 9 4 2 4 2 4 2 4 
4 2 4 2 4 2 4 9 4 9 4 10 4 2 4 2 4 2 4 10 4 2 4 2 4 9 4 2 4 10 4 10 4 2 4 2 4 2 4 2 4 2 4 9 4 2 4 2 4 2 4 2 4 9 4 2 4 10 4 2 4 14 4 13 4 13 4 13 4 13 4 13 4 4 4 4 4 4 4 27 4 13 4 27 4 
4 2 4 2 4 2 4 10 4 9 4 2 4 10 4 2 4 2 4 2 4 2 4 2 4 9 4 2 4 2 4 2 4 2 4 2 4 2 4 2 4 2 4 2 4 2 4 2 4 4 4 11 4 11 4 11 4 11 4 11 4 4 4 4 4 4 4 27 4 27 4 4 4 2 4 2 4 2 4 2 4 10 4 2 4 
4 2 4 2 4 2 4 2 4 2 4 10 4 2 4 9 4 2 4 10 4 2 4 2 4 2 4 2 4 2 4 2 4 2 4 2 4 10 4 2 4 11 4 14 4 13 4 13 4 13 4 27 4 11 4 2 4 2 4 27 4 11 4 27 4 4 4 4 4 11 4 2 4 2 4 2 4 25 4 9 4 10 4 2 4 
4 2 4 2 4 2 4 2 4 9 4 10 4 2 4 2 4 2 4 2 4 2 4 2 4 2 4 2 4 2 4 10 4 2 4 2 4 2 4 2 4 2 4 11 4 14 4 11 4 11 4 11 4 11 4 11 4 14 4 4 4 14 4 27 4 4 4 11 4 4 4 4 4 11 4 2 4 2 4 2 4 2 4 10 4 
4 2 4 2 4 2 4 2 4 2 4 2 4 2 4 2 4 2 4 2 4 2 4 10 4 2 4 2 4 2 4 9 4 2 4 2 4 2 4 2 4 10 4 11 4 14 4 11 4 11 4 11 4 14 4 13 4 4 4 11 4 10 4 11 4 11 4 2 4 27 4 2 4 2 4 2 4 2 4 2 4 1 4 2 4 
4 2 4 2 4 10 4 2 4 2 4 2 4 2 4 2 4 2 4 2 4 2 4 2 4 10 4 2 4 2 4 2 4 2 4 2 4 2 4 11 4 13 4 11 4 13 4 11 4 4 4 11 4 11 4 14 4 14 4 27 4 13 4 10 4 4 4 2 4 2 4 2 4 2 4 2 4 2 4 2 4 2 4 2 4 
4 2 4 25 4 2 4 2 4 2 4 2 4 2 4 2 4 2 4 2 4 2 4 25 4 10 4 2 4 2 4 2 4 2 4 2 4 2 4 13 4 11 4 11 4 11 4 11 4 28 4 11 4 4 4 13 4 27 4 11 4 13 4 27 4 27 4 2 4 2 4 2 4 9 4 2 4 2 4 2 4 9 4 2 4 
4 2 4 2 4 9 4 2 4 2 4 2 4 2 4 2 4 2 4 2 4 2 4 10 4 10 4 2 4 2 4 2 4 2 4 2 4 9 4 11 4 11 4 11 4 11 4 14 4 13 4 4 4 11 4 27 4 4 4 14 4 4 4 4 4 4 4 4 4 2 4 2 4 2 4 10 4 2 4 2 4 2 4 2 4 
4 2 4 2 4 2 4 2 4 2 4 9 4 2 4 10 4 3 4 2 4 2 4 2 4 2 4 2 4 2 4 2 4 2 4 2 4 2 4 2 4 14 4 11 4 11 4 11 4 11 4 14 4 4 4 13 4 11 4 2 4 27 4 27 4 27 4 2 4 2 4 2 4 2 4 2 4 2 4 2 4 2 4 2 4 
4 2 4 2 4 2 4 2 4 2 4 2 4 2 4 2 4 2 4 2 4 2 4 10 4 2 4 2 4 25 4 2 4 2 4 2 4 2 4 9 4 2 4 2 4 2 4 2 4 2 4 11 4 14 4 13 4 11 4 11 4 14 4 14 4 27 4 4 4 11 4 4 4 27 4 4 4 2 4 2 4 11 4 9 4 
4 2 4 2 4 2 4 2 4 2 4 2 4 2 4 2 4 10 4 2 4 2 4 2 4 2 4 2 4 9 4 2 4 2 4 2 4 2 4 2 4 2 4 25 4 10 4 13 4 11 4 11 4 13 4 13 4 13 4 13 4 4 4 4 4 27 4 4 4 13 4 4 4 4 4 27 4 13 4 2 4 11 4 2 4 
4 2 4 2 4 2 4 10 4 2 4 2 4 2 4 10 4 2 4 2 4 2 4 10 4 3 4 2 4 1 4 2 4 2 4 10 4 2 4 2 4 2 4 2 4 2 4 2 4 12 4 14 4 13 4 13 4 11 4 11 4 11 4 4 4 27 4 27 4 11 4 4 4 27 4 2 4 2 4 2 4 2 4 2 4 
4 10 4 2 4 2 4 2 4 2 4 2 4 2 4 2 4 10 4 2 4 2 4 2 4 2 4 2 4 2 4 2 4 2 4 2 4 2 4 2 4 2 4 11 4 11 4 11 4 11 4 11 4 13 4 4 4 14 4 4 4 27 4 11 4 11 4 11 4 27 4 2 4 11 4 2 4 2 4 2 4 10 4 9 4 
4 9 4 10 4 2 4 2 4 10 4 2 4 9 4 2 4 2 4 2 4 2 4 2 4 2 4 2 4 2 4 2 4 10 4 2 4 2 4 2 4 2 4 2 4 2 4 2 4 2 4 10 4 11 4 11 4 11 4 11 4 13 4 11 4 11 4 11 4 11 4 26 4 2 4 27 4 27 4 2 4 2 4 2 4 
