4 2 4 2 4 25 4 10 4 2 4 9 4 10 4 2 4 2 4 25 4 2 4 10 4 2 4 2 4 2 4 25 4 2 4 2 4 10 4 2 4 2 4 2 4 2 4 2 4 2 4 9 4 2 4 2 4 10 4 10 4 2 4 2 4 25 4 25 4 4 4 2 4 2 4 1 4 3 4 2 4 4 4 10 4 
4 9 4 9 4 2 4 2 4 2 4 2 4 2 4 2 4 2 4 2 4 2 4 2 4 2 4 2 4 2 4 9 4 2 4 2 4 2 4 2 4 2 4 2 4 9 4 2 4 10 4 4 4 2 4 2 4 3 4 2 4 2 4 2 4 14 4 11 4 4 4 4 4 2 4 10 4 2 4 2 4 25 4 9 4 
4 2 4 2 4 2 4 2 4 2 4 2 4 2 4 2 4 2 4 10 4 2 4 2 4 2 4 2 4 2 4 2 4 2 4 2 4 2 4 25 4 2 4 2 4 2 4 2 4 2 4 10 4 2 4 2 4 2 4 2 4 2 4 2 4 2 4 2 4 10 4 2 4 2 4 2 4 2 4 2 4 2 4 2 4 
4 2 4 9 4 2 4 10 4 2 4 2 4 9 4 2 4 10 4 2 4 2 4 9 4 2 4 2 4 2 4 2 4 10 4 2 4 2 4 2 4 2 4 2 4 2 4 2 4 2 4 2 4 10 4 2 4 2 4 2 4 2 4 2 4 2 4 10 4 1 4 2 4 2 4 9 4 2 4 2 4 1 4 9 4 
4 2 4 1 4 9 4 2 4 2 4 10 4 2 4 2 4 2 4 2 4 10 4 25 4 10 4 10 4 2 4 2 4 2 4 2 4 2 4 2 4 2 4 2 4 2 4 10 4 9 4 9 4 10 4 2 4 2 4 3 4 2 4 4 4 2 4 4 4 2 4 13 4 2 4 28 4 2 4 14 4 2 4 2 4 
4 2 4 2 4 2 4 2 4 2 4 2 4 2 4 2 4 2 4 2 4 2 4 2 4 2 4 9 4 2 4 2 4 2 4 2 4 2 4 2 4 2 4 2 4 25 4 2 4 2 4 2 4 2 4 2 4 2 4 10 4 2 4 2 4 3 4 5 4 5 4 4 4 2 4 4 4 27 4 4 4 4 4 4 4 
4 9 4 2 4 2 4 2 4 2 4 2 4 9 4 2 4 2 4 2 4 2 4 10 4 9 4 2 4 2 4 2 4 2 4 2 4 10 4 1 4 2 4 9 4 2 4 9 4 2 4 9 4 25 4 4 4 2 4 2 4 2 4 2 4 13 4 2 4 27 4 4 4 4 4 13 4 27 4 4 4 4 4 2 4 
4 2 4 2 4 2 4 2 4 9 4 2 4 2 4 10 4 2 4 2 4 2 4 2 4 2 4 2 4 2 4 2 4 2 4 10 4 2 4 2 4 10 4 2 4 10 4 2 4 2 4 2 4 2 4 2 4 2 4 2 4 25 4 9 4 9 4 2 4 14 4 2 4 2 4 2 4 2 4 13 4 4 4 27 4 
4 2 4 2 4 2 4 2 4 2 4 2 4 9 4 2 4 2 4 25 4 2 4 2 4 2 4 2 4 10 4 10 4 2 4 2 4 9 4 10 4 2 4 2 4 2 4 2 4 2 4 10 4 10 4 2 4 2 4 2 4 2 4 2 4 2 4 10 4 25 4 2 4 9 4 9 4 25 4 13 4 4 4 3 4 
4 2 4 2 4 2 4 2 4 2 4 2 4 1 4 2 4 10 4 2 4 2 4 2 4 2 4 2 4 2 4 2 4 2 4 2 4 2 4 2 4 2 4 2 4 9 4 2 4 2 4 2 4 2 4 10 4 2 4 2 4 10 4 9 4 3 4 2 4 13 4 2 4 5 4 4 4 2 4 27 4 27 4 27 4 
4 2 4 10 4 2 4 9 4 10 4 2 4 10 4 2 4 2 4 1 4 2 4 10 4 25 4 2 4 10 4 2 4 2 4 2 4 2 4 2 4 2 4 25 4 9 4 25 4 4 4 3 4 1 4 1 4 2 4 2 4 27 4 27 4 27 4 13 4 27 4 2 4 4 4 27 4 27 4 10 4 10 4 2 4 
4 2 4 2 4 2 4 2 4 2 4 2 4 2 4 10 4 2 4 9 4 2 4 2 4 2 4 2 4 9 4 2 4 2 4 2 4 2 4 2 4 10 4 2 4 2 4 2 4 2 4 2 4 2 4 2 4 2 4 9 4 9 4 2 4 13 4 2 4 3 4 2 4 2 4 13 4 25 4 11 4 2 4 13 4 
4 2 4 2 4 10 4 2 4 2 4 2 4 2 4 2 4 2 4 10 4 2 4 2 4 2 4 2 4 25 4 2 4 2 4 2 4 2 4 2 4 2 4 2 4 10 4 10 4 2 4 2 4 25 4 10 4 2 4 25 4 2 4 2 4 2 4 2 4 2 4 2 4 13 4 13 4 11 4 2 4 4 4 4 4 
4 2 4 2 4 2 4 2 4 9 4 2 4 2 4 2 4 2 4 2 4 2 4 2 4 2 4 9 4 2 4 10 4 2 4 10 4 2 4 2 4 2 4 2 4 2 4 2 4 2 4 2 4 10 4 2 4 2 4 10 4 2 4 25 4 25 4 25 4 3 4 13 4 2 4 5 4 4 4 2 4 2 4 27 4 
4 13 4 2 4 2 4 2 4 2 4 2 4 2 4 2 4 2 4 2 4 2 4 10 4 2 4 2 4 2 4 2 4 2 4 9 4 2 4 10 4 2 4 2 4 2 4 2 4 2 4 2 4 2 4 2 4 2 4 2 4 2 4 3 4 2 4 2 4 2 4 10 4 2 4 2 4 2 4 2 4 25 4 9 4 
4 2 4 2 4 2 4 2 4 2 4 2 4 2 4 9 4 9 4 2 4 2 4 2 4 2 4 2 4 2 4 2 4 2 4 2 4 2 4 9 4 2 4 2 4 25 4 2 4 2 4 2 4 10 4 2 4 2 4 2 4 10 4 2 4 2 4 2 4 2 4 25 4 2 4 9 4 9 4 27 4 2 4 2 4 
4 2 4 2 4 9 4 2 4 2 4 2 4 2 4 10 4 2 4 9 4 2 4 25 4 2 4 10 4 2 4 2 4 2 4 10 4 2 4 2 4 9 4 2 4 2 4 2 4 2 4 2 4 2 4 2 4 2 4 2 4 10 4 2 4 2 4 2 4 2 4 2 4 2 4 25 4 25 4 13 4 2 4 3 4 
4 2 4 3 4 2 4 2 4 2 4 2 4 2 4 2 4 10 4 2 4 2 4 2 4 2 4 2 4 2 4 9 4 2 4 9 4 2 4 2 4 2 4 2 4 2 4 2 4 2 4 2 4 10 4 2 4 9 4 2 4 2 4 2 4 2 4 10 4 10 4 2 4 13 4 2 4 2 4 2 4 2 4 2 4 
4 25 4 2 4 25 4 2 4 2 4 10 4 2 4 2 4 10 4 2 4 2 4 2 4 2 4 2 4 2 4 2 4 2 4 2 4 2 4 2 4 10 4 2 4 2 4 2 4 2 4 2 4 2 4 2 4 2 4 2 4 9 4 9 4 2 4 2 4 13 4 2 4 3 4 2 4 2 4 4 4 27 4 14 4 
4 2 4 2 4 2 4 2 4 2 4 2 4 2 4 2 4 2 4 2 4 2 4 2 4 2 4 2 4 10 4 2 4 2 4 9 4 2 4 2 4 2 4 2 4 10 4 2 4 10 4 2 4 2 4 2 4 3 4 2 4 2 4 9 4 3 4 13 4 3 4 2 4 2 4 2 4 3 4 4 4 27 4 11 4 
